10 5 9 6 1 78 427
2 4 1 2 1 3 4 6 
2 2 3 4 2 5 
2 3 5 6 1 3 6 
2 2 8 7 2 5 
1 4 9 2 3 4 6 
6 1 9 2 2 3 9 4 6 5 1 1 1 2 0 3 0 4 0 5 0 
7 1 8 2 9 3 10 4 4 5 8 1 10 2 5 3 0 4 0 5 0 
7 1 2 2 8 3 5 4 8 5 3 1 10 2 4 3 0 4 0 5 0 
9 1 3 2 9 3 8 4 6 5 8 1 4 2 5 3 0 4 2 5 10 
9 1 1 2 7 3 4 4 9 5 4 1 8 2 10 3 0 4 6 5 3 
9 1 7 2 6 3 3 4 5 5 2 1 6 2 0 3 4 4 1 5 1 
7 1 8 2 1 3 7 4 1 5 8 1 6 2 0 3 0 4 0 5 10 
8 1 4 2 3 3 6 4 5 5 2 1 5 2 2 3 0 4 1 5 0 
9 1 9 2 3 3 4 4 5 5 5 1 5 2 10 3 10 4 0 5 4 
7 1 6 2 6 3 3 4 3 5 5 1 10 2 6 3 0 4 0 5 0 
1 2 1 3 
2 3 2 4 5 
3 3 1 3 5 
4 2 1 5 
5 2 2 4 
6 3 1 3 5 
