11 5 9 6 2 123 712
2 4 1 2 1 2 3 4 
2 1 3 4 3 
2 5 5 6 2 3 4 5 6 
1 3 7 3 5 6 
2 1 8 9 2 
14 1 7 2 9 3 5 4 2 5 6 1 9 2 7 3 7 4 0 5 7 1 2 2 2 3 2 4 7 5 6 
11 1 3 2 6 3 2 4 4 5 8 1 6 2 3 3 8 4 6 5 0 1 0 2 9 3 5 4 0 5 0 
11 1 6 2 10 3 1 4 9 5 8 1 7 2 0 3 0 4 0 5 0 1 10 2 3 3 10 4 9 5 1 
11 1 7 2 10 3 5 4 7 5 9 1 3 2 0 3 0 4 0 5 4 1 8 2 10 3 3 4 6 5 0 
10 1 10 2 9 3 9 4 1 5 10 1 2 2 0 3 0 4 0 5 2 1 0 2 0 3 6 4 10 5 5 
13 1 9 2 7 3 9 4 8 5 9 1 3 2 10 3 0 4 3 5 3 1 0 2 5 3 10 4 1 5 4 
10 1 8 2 5 3 4 4 7 5 6 1 6 2 0 3 0 4 0 5 10 1 0 2 2 3 2 4 0 5 9 
11 1 1 2 1 3 9 4 8 5 9 1 1 2 0 3 5 4 7 5 0 1 0 2 4 3 6 4 0 5 4 
12 1 2 2 1 3 5 4 1 5 1 1 8 2 5 3 0 4 7 5 2 1 0 2 4 3 10 4 0 5 8 
10 1 10 2 7 3 7 4 2 5 4 1 7 2 0 3 0 4 7 5 2 1 0 2 8 3 9 4 0 5 0 
10 1 7 2 8 3 3 4 4 5 1 1 8 2 6 3 0 4 8 5 0 1 2 2 0 3 0 4 0 5 5 
1 1 1 
2 3 1 3 5 
3 4 1 2 3 4 
4 2 1 3 
5 2 3 4 
6 2 3 4 
