11 5 8 5 1 87 485
1 2 1 3 5 
2 3 2 3 1 2 5 
2 2 4 5 1 4 
1 3 6 1 2 3 
2 1 8 7 2 
9 1 7 2 9 3 7 4 2 5 2 1 5 2 2 3 2 4 6 5 0 
7 1 7 2 9 3 7 4 9 5 3 1 10 2 1 3 0 4 0 5 0 
8 1 7 2 6 3 8 4 7 5 6 1 1 2 8 3 0 4 0 5 10 
7 1 10 2 6 3 8 4 8 5 6 1 4 2 0 3 10 4 0 5 0 
9 1 6 2 2 3 2 4 5 5 6 1 2 2 7 3 5 4 0 5 6 
9 1 4 2 8 3 3 4 3 5 5 1 4 2 0 3 8 4 7 5 2 
7 1 7 2 6 3 9 4 4 5 9 1 1 2 0 3 0 4 3 5 0 
6 1 10 2 2 3 7 4 6 5 8 1 2 2 0 3 0 4 0 5 0 
9 1 2 2 5 3 3 4 2 5 7 1 3 2 10 3 7 4 0 5 3 
7 1 3 2 10 3 9 4 1 5 1 1 5 2 7 3 0 4 0 5 0 
9 1 9 2 2 3 9 4 4 5 7 1 9 2 4 3 5 4 6 5 0 
1 3 2 3 4 
2 3 2 4 5 
3 2 1 4 
4 1 3 
5 2 1 2 
