20 8 15 9 1 258 1484
2 8 1 2 1 2 3 4 5 6 7 8 
2 6 3 4 2 3 4 5 8 9 
2 4 5 6 1 2 3 9 
2 2 8 7 8 9 
2 5 9 10 1 2 6 8 9 
2 6 11 12 2 3 4 5 8 9 
2 6 13 14 1 5 6 7 8 9 
1 4 15 8 9 2 3 
14 1 6 2 2 3 7 4 5 5 10 6 4 7 5 8 9 1 5 2 0 3 8 4 0 5 7 6 7 7 10 8 1 
13 1 7 2 3 3 10 4 9 5 9 6 1 7 5 8 3 1 5 2 0 3 3 4 7 5 8 6 0 7 0 8 7 
13 1 3 2 1 3 7 4 3 5 10 6 7 7 8 8 10 1 2 2 2 3 6 4 0 5 0 6 0 7 9 8 2 
12 1 9 2 3 3 8 4 7 5 3 6 4 7 10 8 10 1 6 2 3 3 0 4 8 5 0 6 9 7 0 8 0 
14 1 6 2 8 3 3 4 8 5 10 6 2 7 3 8 1 1 7 2 7 3 2 4 3 5 1 6 6 7 0 8 0 
12 1 10 2 9 3 8 4 9 5 3 6 7 7 8 8 1 1 9 2 8 3 0 4 0 5 9 6 0 7 2 8 0 
10 1 5 2 10 3 5 4 6 5 6 6 7 7 1 8 9 1 5 2 0 3 0 4 0 5 0 6 0 7 0 8 4 
14 1 4 2 7 3 2 4 6 5 5 6 1 7 10 8 5 1 7 2 10 3 10 4 8 5 0 6 3 7 0 8 1 
13 1 6 2 1 3 1 4 3 5 7 6 1 7 7 8 9 1 7 2 6 3 0 4 1 5 0 6 10 7 0 8 9 
15 1 5 2 5 3 3 4 8 5 8 6 5 7 7 8 8 1 3 2 2 3 6 4 3 5 0 6 9 7 8 8 8 
11 1 3 2 3 3 8 4 8 5 10 6 4 7 4 8 3 1 8 2 0 3 0 4 0 5 0 6 9 7 0 8 10 
14 1 9 2 10 3 7 4 10 5 6 6 10 7 5 8 1 1 2 2 8 3 8 4 8 5 0 6 2 7 4 8 0 
14 1 2 2 1 3 7 4 5 5 2 6 8 7 4 8 4 1 9 2 7 3 10 4 0 5 0 6 7 7 7 8 7 
11 1 5 2 5 3 6 4 8 5 6 6 7 7 8 8 3 1 3 2 0 3 10 4 0 5 0 6 0 7 0 8 8 
12 1 5 2 9 3 3 4 7 5 5 6 1 7 7 8 8 1 4 2 0 3 0 4 0 5 0 6 2 7 10 8 8 
15 1 5 2 5 3 6 4 4 5 4 6 6 7 5 8 1 1 4 2 8 3 6 4 0 5 8 6 5 7 7 8 6 
11 1 5 2 4 3 9 4 10 5 10 6 5 7 5 8 3 1 6 2 2 3 0 4 0 5 0 6 0 7 0 8 8 
15 1 7 2 9 3 4 4 2 5 4 6 4 7 3 8 5 1 1 2 0 3 4 4 9 5 5 6 9 7 10 8 5 
12 1 3 2 3 3 1 4 7 5 6 6 10 7 7 8 1 1 2 2 7 3 0 4 1 5 0 6 0 7 7 8 0 
13 1 4 2 4 3 8 4 4 5 4 6 4 7 4 8 10 1 3 2 0 3 9 4 0 5 6 6 0 7 2 8 5 
1 4 1 3 5 7 
2 6 1 2 3 5 6 8 
3 5 1 2 3 6 8 
4 3 1 2 6 
5 4 1 2 6 7 
6 3 1 5 7 
7 2 1 7 
8 7 1 2 4 5 6 7 8 
9 7 2 3 4 5 6 7 8 
