12 5 9 6 1 93 490
2 4 1 2 2 3 5 6 
2 4 3 4 1 2 3 6 
2 4 5 6 1 2 3 4 
2 2 8 7 3 4 
1 4 9 1 2 5 6 
7 1 5 2 2 3 1 4 1 5 6 1 10 2 0 3 10 4 0 5 0 
9 1 2 2 8 3 10 4 6 5 8 1 3 2 3 3 0 4 6 5 3 
7 1 6 2 3 3 6 4 9 5 7 1 10 2 0 3 0 4 1 5 0 
7 1 8 2 4 3 1 4 10 5 6 1 10 2 9 3 0 4 0 5 0 
7 1 10 2 3 3 4 4 9 5 6 1 2 2 0 3 0 4 0 5 3 
7 1 2 2 6 3 3 4 8 5 5 1 4 2 0 3 0 4 0 5 9 
9 1 6 2 9 3 3 4 9 5 3 1 4 2 8 3 0 4 6 5 3 
9 1 5 2 8 3 2 4 2 5 3 1 1 2 7 3 0 4 10 5 6 
9 1 7 2 1 3 4 4 3 5 8 1 1 2 4 3 3 4 0 5 8 
7 1 5 2 6 3 10 4 3 5 9 1 7 2 0 3 0 4 0 5 2 
7 1 9 2 7 3 1 4 2 5 1 1 2 2 0 3 0 4 7 5 0 
8 1 3 2 5 3 4 4 2 5 1 1 4 2 0 3 9 4 0 5 9 
1 3 2 3 5 
2 4 1 2 3 5 
3 4 1 2 3 4 
4 2 3 4 
5 2 1 5 
6 3 1 2 5 
