16 6 10 6 2 203 1113
2 3 1 2 2 3 4 
2 4 3 4 2 3 4 6 
1 5 5 1 2 4 5 6 
2 2 6 7 2 5 
2 3 8 9 1 2 3 
1 2 10 5 6 
14 1 2 2 7 3 4 4 2 5 5 6 8 1 6 2 0 3 0 4 7 5 5 6 4 1 0 2 1 3 5 4 0 5 8 6 7 
12 1 4 2 10 3 2 4 7 5 8 6 4 1 2 2 6 3 0 4 0 5 0 6 9 1 0 2 0 3 1 4 10 5 8 6 0 
13 1 1 2 2 3 6 4 7 5 3 6 10 1 4 2 9 3 7 4 0 5 3 6 0 1 0 2 2 3 0 4 7 5 4 6 0 
15 1 8 2 2 3 5 4 2 5 4 6 10 1 2 2 10 3 0 4 10 5 9 6 0 1 1 2 8 3 7 4 6 5 1 6 0 
11 1 10 2 4 3 3 4 10 5 9 6 5 1 3 2 0 3 0 4 3 5 0 6 0 1 0 2 0 3 0 4 8 5 6 6 9 
12 1 7 2 1 3 1 4 6 5 2 6 3 1 7 2 8 3 0 4 2 5 0 6 0 1 6 2 10 3 5 4 0 5 0 6 0 
14 1 2 2 7 3 8 4 7 5 9 6 9 1 2 2 8 3 4 4 0 5 0 6 0 1 9 2 10 3 2 4 0 5 3 6 5 
10 1 6 2 6 3 4 4 4 5 3 6 3 1 3 2 0 3 2 4 0 5 0 6 1 1 0 2 3 3 0 4 0 5 0 6 0 
13 1 6 2 9 3 7 4 5 5 1 6 3 1 3 2 0 3 3 4 6 5 10 6 0 1 2 2 0 3 0 4 0 5 6 6 10 
14 1 2 2 6 3 6 4 3 5 8 6 9 1 6 2 10 3 9 4 0 5 7 6 9 1 0 2 0 3 9 4 6 5 0 6 9 
12 1 1 2 5 3 9 4 8 5 6 6 3 1 2 2 0 3 0 4 0 5 5 6 0 1 0 2 3 3 3 4 4 5 5 6 0 
13 1 10 2 2 3 1 4 3 5 2 6 9 1 5 2 0 3 10 4 4 5 0 6 0 1 0 2 5 3 0 4 5 5 9 6 10 
9 1 2 2 2 3 2 4 10 5 2 6 9 1 1 2 0 3 5 4 0 5 0 6 0 1 0 2 0 3 0 4 8 5 0 6 0 
14 1 10 2 7 3 2 4 5 5 10 6 1 1 4 2 10 3 0 4 10 5 0 6 1 1 8 2 0 3 1 4 7 5 0 6 4 
13 1 4 2 3 3 7 4 8 5 1 6 6 1 2 2 7 3 8 4 0 5 9 6 7 1 0 2 1 3 0 4 0 5 7 6 0 
14 1 6 2 3 3 8 4 5 5 10 6 7 1 8 2 0 3 6 4 2 5 3 6 10 1 5 2 4 3 0 4 0 5 6 6 0 
1 2 3 5 
2 5 1 2 3 4 5 
3 3 1 2 5 
4 3 1 2 3 
5 3 3 4 6 
6 3 2 3 6 
