18 9 15 9 2 329 1875
1 7 1 1 2 3 4 5 7 9 
2 3 2 3 8 3 7 
2 7 4 5 1 2 3 5 6 7 8 
2 2 6 7 3 7 
2 5 8 9 1 3 4 7 8 
1 2 10 2 4 
2 6 11 12 2 3 5 6 7 9 
2 6 13 14 3 4 5 6 7 8 
1 5 15 2 4 6 8 9 
20 1 3 2 3 3 4 4 7 5 10 6 4 7 4 8 10 9 1 1 4 2 3 3 0 4 6 5 10 6 5 7 0 8 2 9 6 1 7 2 10 3 1 4 0 5 0 6 0 7 0 8 1 9 0 
21 1 1 2 7 3 7 4 5 5 6 6 8 7 8 8 10 9 8 1 2 2 1 3 8 4 0 5 6 6 9 7 2 8 7 9 0 1 0 2 7 3 0 4 3 5 0 6 5 7 0 8 4 9 2 
16 1 1 2 7 3 8 4 8 5 8 6 10 7 4 8 4 9 8 1 7 2 10 3 0 4 4 5 2 6 0 7 0 8 0 9 0 1 0 2 8 3 0 4 0 5 6 6 0 7 5 8 0 9 0 
19 1 6 2 6 3 7 4 4 5 2 6 4 7 4 8 2 9 1 1 9 2 4 3 0 4 0 5 4 6 5 7 0 8 0 9 0 1 4 2 6 3 5 4 9 5 10 6 0 7 4 8 0 9 0 
16 1 3 2 3 3 6 4 1 5 6 6 5 7 4 8 6 9 3 1 5 2 0 3 9 4 0 5 8 6 0 7 0 8 2 9 0 1 0 2 0 3 0 4 0 5 0 6 5 7 6 8 5 9 0 
19 1 6 2 10 3 3 4 10 5 3 6 5 7 1 8 7 9 8 1 4 2 0 3 5 4 2 5 5 6 6 7 6 8 7 9 0 1 0 2 0 3 0 4 3 5 0 6 5 7 0 8 10 9 0 
17 1 8 2 6 3 2 4 7 5 7 6 6 7 7 8 7 9 8 1 1 2 1 3 0 4 0 5 0 6 8 7 0 8 0 9 0 1 0 2 0 3 0 4 0 5 3 6 8 7 8 8 4 9 10 
17 1 5 2 7 3 4 4 3 5 2 6 1 7 4 8 3 9 6 1 3 2 8 3 5 4 0 5 2 6 0 7 0 8 0 9 1 1 2 2 1 3 0 4 0 5 0 6 0 7 0 8 0 9 8 
19 1 7 2 3 3 4 4 9 5 3 6 10 7 9 8 4 9 10 1 6 2 0 3 5 4 0 5 1 6 0 7 2 8 1 9 0 1 5 2 0 3 5 4 0 5 7 6 0 7 0 8 7 9 10 
20 1 10 2 3 3 10 4 9 5 4 6 1 7 1 8 2 9 1 1 3 2 7 3 7 4 0 5 5 6 0 7 0 8 1 9 0 1 7 2 0 3 10 4 10 5 0 6 0 7 2 8 7 9 4 
15 1 2 2 6 3 3 4 6 5 4 6 9 7 6 8 7 9 5 1 5 2 10 3 3 4 0 5 0 6 0 7 0 8 0 9 3 1 0 2 0 3 0 4 0 5 0 6 0 7 0 8 4 9 5 
17 1 4 2 3 3 10 4 9 5 2 6 8 7 7 8 8 9 8 1 9 2 3 3 0 4 0 5 9 6 0 7 0 8 9 9 0 1 6 2 0 3 0 4 0 5 0 6 10 7 4 8 9 9 0 
18 1 6 2 4 3 10 4 9 5 6 6 3 7 10 8 9 9 3 1 9 2 9 3 0 4 3 5 1 6 7 7 0 8 8 9 0 1 8 2 0 3 6 4 9 5 0 6 0 7 0 8 0 9 0 
16 1 7 2 7 3 5 4 9 5 3 6 5 7 2 8 10 9 6 1 5 2 0 3 0 4 3 5 0 6 0 7 0 8 0 9 9 1 0 2 0 3 0 4 0 5 6 6 8 7 4 8 6 9 0 
20 1 9 2 2 3 8 4 9 5 4 6 3 7 3 8 8 9 10 1 5 2 0 3 9 4 0 5 0 6 10 7 6 8 1 9 6 1 8 2 7 3 1 4 0 5 8 6 0 7 0 8 0 9 3 
21 1 9 2 2 3 1 4 8 5 3 6 9 7 7 8 10 9 5 1 6 2 0 3 0 4 0 5 3 6 6 7 3 8 7 9 8 1 0 2 4 3 10 4 9 5 0 6 8 7 0 8 5 9 5 
20 1 1 2 3 3 8 4 8 5 3 6 5 7 2 8 5 9 4 1 3 2 0 3 5 4 10 5 0 6 7 7 0 8 6 9 5 1 0 2 0 3 8 4 0 5 9 6 10 7 0 8 9 9 7 
18 1 9 2 5 3 9 4 6 5 10 6 9 7 8 8 9 9 6 1 7 2 0 3 10 4 7 5 0 6 0 7 6 8 0 9 5 1 8 2 0 3 4 4 0 5 2 6 4 7 0 8 0 9 0 
1 3 1 3 5 
2 5 1 3 6 7 9 
3 7 1 2 3 4 5 7 8 
4 5 1 5 6 8 9 
5 4 1 3 7 8 
6 4 3 7 8 9 
7 7 1 2 3 4 5 7 8 
8 5 2 3 5 8 9 
9 3 1 7 9 
