10 5 8 5 2 103 568
2 2 1 2 3 4 
2 4 3 4 1 2 3 4 
2 2 5 6 4 5 
1 3 7 1 3 5 
1 2 8 2 5 
11 1 7 2 2 3 6 4 9 5 5 1 10 2 1 3 3 4 0 5 0 1 0 2 1 3 0 4 5 5 9 
10 1 2 2 3 3 9 4 6 5 4 1 6 2 0 3 2 4 0 5 0 1 8 2 0 3 2 4 0 5 10 
9 1 2 2 10 3 6 4 5 5 8 1 3 2 0 3 0 4 0 5 0 1 4 2 2 3 0 4 5 5 0 
11 1 8 2 6 3 2 4 10 5 8 1 10 2 0 3 0 4 0 5 8 1 7 2 1 3 7 4 9 5 0 
11 1 4 2 5 3 8 4 10 5 6 1 2 2 0 3 0 4 3 5 0 1 0 2 5 3 1 4 6 5 2 
9 1 3 2 7 3 4 4 2 5 4 1 5 2 0 3 0 4 3 5 0 1 0 2 0 3 7 4 0 5 5 
11 1 10 2 6 3 9 4 9 5 3 1 1 2 6 3 0 4 0 5 0 1 1 2 0 3 4 4 1 5 3 
10 1 4 2 4 3 2 4 9 5 7 1 7 2 0 3 3 4 7 5 0 1 9 2 0 3 7 4 0 5 0 
10 1 10 2 9 3 8 4 6 5 9 1 5 2 0 3 2 4 0 5 0 1 8 2 0 3 9 4 1 5 0 
11 1 2 2 8 3 1 4 10 5 9 1 4 2 0 3 6 4 0 5 0 1 8 2 0 3 10 4 2 5 6 
1 2 2 4 
2 2 2 5 
3 3 1 2 4 
4 3 1 2 3 
5 3 3 4 5 
