17 8 15 9 2 290 1579
2 6 1 2 2 3 4 7 8 9 
2 5 3 4 1 2 4 6 7 
2 6 5 6 1 5 6 7 8 9 
2 4 8 7 3 4 5 6 
2 5 9 10 2 3 4 6 8 
2 4 11 12 8 3 4 7 
1 7 13 2 3 4 5 6 7 8 
2 5 14 15 1 2 6 8 9 
20 1 6 2 1 3 4 4 8 5 4 6 5 7 9 8 8 1 7 2 0 3 6 4 9 5 1 6 10 7 7 8 5 1 0 2 0 3 8 4 6 5 3 6 2 7 0 8 10 
14 1 1 2 6 3 5 4 3 5 3 6 10 7 3 8 10 1 1 2 0 3 3 4 10 5 0 6 0 7 4 8 0 1 7 2 6 3 0 4 0 5 0 6 0 7 0 8 0 
19 1 3 2 1 3 7 4 6 5 5 6 7 7 10 8 1 1 4 2 1 3 2 4 6 5 0 6 8 7 0 8 10 1 0 2 3 3 8 4 7 5 7 6 0 7 4 8 0 
16 1 5 2 10 3 10 4 7 5 2 6 9 7 6 8 10 1 8 2 2 3 0 4 0 5 0 6 6 7 0 8 10 1 10 2 0 3 0 4 3 5 0 6 3 7 10 8 0 
18 1 10 2 1 3 8 4 1 5 1 6 8 7 5 8 4 1 5 2 1 3 7 4 10 5 0 6 0 7 0 8 4 1 5 2 0 3 10 4 0 5 3 6 0 7 6 8 2 
15 1 10 2 5 3 7 4 2 5 8 6 6 7 6 8 6 1 9 2 0 3 5 4 10 5 0 6 0 7 0 8 7 1 0 2 0 3 0 4 7 5 0 6 2 7 0 8 4 
16 1 3 2 2 3 2 4 1 5 5 6 1 7 2 8 2 1 9 2 9 3 0 4 0 5 0 6 0 7 0 8 2 1 3 2 0 3 3 4 10 5 10 6 3 7 0 8 0 
17 1 3 2 9 3 7 4 4 5 9 6 2 7 6 8 5 1 3 2 8 3 7 4 5 5 1 6 5 7 0 8 0 1 0 2 0 3 0 4 10 5 10 6 6 7 0 8 0 
19 1 1 2 7 3 5 4 7 5 10 6 10 7 1 8 1 1 1 2 0 3 0 4 9 5 0 6 9 7 2 8 1 1 0 2 8 3 1 4 5 5 7 6 10 7 0 8 2 
16 1 9 2 1 3 6 4 8 5 6 6 10 7 10 8 3 1 8 2 0 3 10 4 0 5 0 6 0 7 6 8 0 1 3 2 0 3 3 4 0 5 8 6 0 7 8 8 6 
16 1 9 2 3 3 4 4 2 5 8 6 9 7 10 8 3 1 3 2 0 3 0 4 0 5 0 6 5 7 3 8 8 1 0 2 6 3 4 4 2 5 10 6 0 7 0 8 0 
16 1 3 2 10 3 4 4 8 5 4 6 9 7 4 8 9 1 5 2 0 3 5 4 0 5 5 6 2 7 0 8 0 1 5 2 0 3 4 4 3 5 0 6 0 7 0 8 9 
17 1 3 2 2 3 5 4 4 5 10 6 9 7 3 8 3 1 1 2 8 3 8 4 0 5 7 6 1 7 0 8 0 1 0 2 4 3 0 4 0 5 7 6 6 7 0 8 10 
19 1 5 2 8 3 4 4 3 5 3 6 1 7 9 8 3 1 4 2 5 3 4 4 0 5 0 6 0 7 5 8 0 1 0 2 9 3 7 4 1 5 8 6 7 7 10 8 3 
16 1 8 2 4 3 7 4 5 5 10 6 8 7 7 8 1 1 4 2 0 3 0 4 2 5 1 6 0 7 4 8 1 1 0 2 10 3 4 4 0 5 0 6 0 7 1 8 0 
18 1 3 2 4 3 6 4 7 5 6 6 1 7 3 8 1 1 7 2 10 3 0 4 3 5 3 6 0 7 10 8 0 1 0 2 2 3 7 4 0 5 5 6 7 7 8 8 0 
18 1 3 2 2 3 8 4 8 5 1 6 9 7 4 8 6 1 3 2 0 3 0 4 8 5 1 6 1 7 0 8 0 1 10 2 6 3 4 4 0 5 2 6 7 7 2 8 0 
1 3 2 3 8 
2 5 1 2 5 7 8 
3 5 1 4 5 6 7 
4 6 1 2 4 5 6 7 
5 3 3 4 7 
6 6 2 3 4 5 7 8 
7 5 1 2 3 6 7 
8 6 1 3 5 6 7 8 
9 3 1 3 8 
