14 7 12 8 1 157 837
1 4 1 8 1 2 5 
2 4 2 3 1 2 3 5 
2 4 4 5 2 5 6 7 
2 3 6 7 8 5 7 
2 4 8 9 8 2 4 7 
2 3 10 11 1 2 3 
1 4 12 3 4 5 7 
11 1 4 2 10 3 6 4 6 5 10 6 8 7 4 1 9 2 0 3 9 4 0 5 6 6 9 7 0 
13 1 2 2 7 3 7 4 10 5 3 6 9 7 3 1 3 2 4 3 10 4 3 5 0 6 1 7 6 
9 1 1 2 5 3 4 4 9 5 5 6 4 7 7 1 5 2 0 3 0 4 0 5 0 6 6 7 0 
12 1 2 2 5 3 8 4 5 5 10 6 6 7 8 1 5 2 10 3 5 4 0 5 0 6 4 7 9 
12 1 7 2 1 3 5 4 9 5 3 6 1 7 8 1 2 2 0 3 10 4 2 5 0 6 10 7 3 
10 1 5 2 7 3 3 4 9 5 7 6 4 7 8 1 4 2 1 3 8 4 0 5 0 6 0 7 0 
12 1 7 2 7 3 2 4 8 5 10 6 2 7 3 1 2 2 0 3 1 4 2 5 0 6 6 7 4 
12 1 8 2 3 3 7 4 6 5 2 6 4 7 4 1 8 2 10 3 0 4 0 5 2 6 3 7 3 
13 1 10 2 5 3 3 4 4 5 2 6 8 7 3 1 3 2 8 3 8 4 3 5 9 6 6 7 0 
11 1 5 2 7 3 6 4 1 5 2 6 5 7 1 1 5 2 7 3 9 4 2 5 0 6 0 7 0 
11 1 9 2 1 3 6 4 5 5 8 6 2 7 4 1 4 2 10 3 0 4 0 5 4 6 0 7 3 
9 1 2 2 3 3 10 4 3 5 2 6 5 7 8 1 7 2 7 3 0 4 0 5 0 6 0 7 0 
11 1 6 2 5 3 5 4 7 5 6 6 3 7 2 1 8 2 5 3 7 4 10 5 0 6 0 7 0 
11 1 2 2 7 3 2 4 8 5 10 6 2 7 2 1 2 2 2 3 0 4 4 5 0 6 0 7 4 
1 3 1 2 6 
2 5 1 2 3 5 6 
3 3 2 6 7 
4 2 5 7 
5 5 1 2 3 4 7 
6 1 3 
7 4 3 4 5 7 
8 3 1 4 5 
