12 5 9 6 2 127 685
2 3 1 2 1 5 6 
2 1 3 4 4 
2 2 5 6 1 3 
1 3 7 1 2 5 
2 3 8 9 2 3 6 
9 1 8 2 10 3 4 4 7 5 7 1 3 2 0 3 0 4 4 5 3 1 0 2 7 3 0 4 0 5 0 
10 1 8 2 3 3 8 4 4 5 8 1 7 2 0 3 0 4 4 5 6 1 0 2 8 3 0 4 1 5 0 
10 1 5 2 5 3 2 4 5 5 6 1 1 2 0 3 7 4 0 5 0 1 0 2 4 3 7 4 1 5 0 
12 1 10 2 1 3 1 4 2 5 10 1 8 2 5 3 6 4 10 5 3 1 8 2 0 3 10 4 0 5 0 
10 1 3 2 8 3 3 4 6 5 8 1 2 2 0 3 6 4 0 5 2 1 0 2 0 3 0 4 7 5 10 
10 1 8 2 5 3 9 4 4 5 5 1 7 2 0 3 0 4 0 5 0 1 8 2 2 3 0 4 10 5 9 
10 1 4 2 9 3 5 4 6 5 10 1 1 2 0 3 0 4 0 5 1 1 1 2 0 3 9 4 0 5 10 
9 1 10 2 8 3 6 4 4 5 8 1 2 2 0 3 0 4 0 5 0 1 2 2 4 3 0 4 0 5 3 
12 1 4 2 1 3 6 4 1 5 4 1 6 2 0 3 0 4 8 5 3 1 6 2 10 3 5 4 6 5 0 
9 1 7 2 9 3 3 4 4 5 3 1 10 2 0 3 5 4 0 5 0 1 6 2 0 3 0 4 0 5 1 
13 1 2 2 5 3 7 4 7 5 5 1 1 2 7 3 8 4 9 5 0 1 5 2 0 3 9 4 1 5 3 
13 1 4 2 5 3 3 4 4 5 2 1 6 2 5 3 3 4 3 5 4 1 0 2 4 3 9 4 4 5 0 
1 3 1 3 4 
2 2 4 5 
3 2 3 5 
4 1 2 
5 2 1 4 
6 2 1 5 
